#	timestep	msd
1	0.00219535
2	0.00872296
3	0.01941373
4	0.03400358
5	0.05215562
6	0.07348516
7	0.09758422
8	0.12404321
9	0.15246809
10	0.18249341
11	0.21379179
12	0.24607993
13	0.27912128
14	0.31272584
15	0.34674804
16	0.38108287
17	0.41566084
18	0.45044172
19	0.48540727
20	0.52055345
21	0.55588267
22	0.59139759
23	0.62709656
24	0.66297033
25	0.69899990
26	0.73515602
27	0.77140050
28	0.80768867
29	0.84397215
30	0.88020183
31	0.91633040
32	0.95231529
33	0.98812113
34	1.02372145
35	1.05909930
36	1.09424631
37	1.12916105
38	1.16384727
39	1.19831268
40	1.23256757
41	1.26662367
42	1.30049272
43	1.33418508
44	1.36770870
45	1.40106859
46	1.43426690
47	1.46730360
48	1.50017702
49	1.53288452
50	1.56542347
51	1.59779220
52	1.62999087
53	1.66202249
54	1.69389338
55	1.72561350
56	1.75719628
57	1.78865908
58	1.82002328
59	1.85131422
60	1.88255959
61	1.91378744
62	1.94502422
63	1.97629426
64	2.00761897
65	2.03901650
66	2.07050096
67	2.10208203
68	2.13376475
69	2.16554936
70	2.19743202
71	2.22940564
72	2.26146063
73	2.29358540
74	2.32576695
75	2.35799187
76	2.39024642
77	2.42251622
78	2.45478638
79	2.48704309
80	2.51927480
81	2.55147275
82	2.58363043
83	2.61574275
84	2.64780456
85	2.67980892
86	2.71174691
87	2.74360814
88	2.77538232
89	2.80706093
90	2.83863809
91	2.87011041
92	2.90147597
93	2.93273376
94	2.96388385
95	2.99492760
96	3.02586820
97	3.05671040
98	3.08746082
99	3.11812743
100	3.14871900
101	3.17924452
102	3.20971226
103	3.24012906
104	3.27049987
105	3.30082745
106	3.33111237
107	3.36135333
108	3.39154785
109	3.42169249
110	3.45178335
111	3.48181606
112	3.51178593
113	3.54168876
114	3.57152092
115	3.60127922
116	3.63096061
117	3.66056233
118	3.69008264
119	3.71952127
120	3.74888013
121	3.77816310
122	3.80737533
123	3.83652222
124	3.86560904
125	3.89464133
126	3.92362587
127	3.95257078
128	3.98148442
129	4.01037406
130	4.03924508
131	4.06810109
132	4.09694491
133	4.12577935
134	4.15460792
135	4.18343586
136	4.21227014
137	4.24111972
138	4.26999550
139	4.29890942
140	4.32787185
141	4.35689082
142	4.38597225
143	4.41512028
144	4.44433726
145	4.47362377
146	4.50297833
147	4.53239670
148	4.56187159
149	4.59139353
150	4.62095190
151	4.65053619
152	4.68013656
153	4.70974454
154	4.73935295
155	4.76895618
156	4.79855026
157	4.82813230
158	4.85769930
159	4.88724764
160	4.91677266
161	4.94626891
162	4.97573072
163	5.00515281
164	5.03453088
165	5.06386287
166	5.09314940
167	5.12239398
168	5.15160152
169	5.18077610
170	5.20991995
171	5.23903357
172	5.26811750
173	5.29717342
174	5.32620432
175	5.35521348
176	5.38420415
177	5.41317953
178	5.44214287
179	5.47109776
180	5.50004813
181	5.52899851
182	5.55795422
183	5.58692159
184	5.61590889
185	5.64492551
186	5.67398141
187	5.70308554
188	5.73224496
189	5.76146421
190	5.79074579
191	5.82009043
192	5.84949759
193	5.87896535
194	5.90849049
195	5.93806809
196	5.96769101
197	5.99735016
198	6.02703460
199	6.05673248
200	6.08643265
201	6.11612581
202	6.14580525
203	6.17546715
204	6.20511053
205	6.23473636
206	6.26434774
207	6.29394976
208	6.32354893
209	6.35315221
210	6.38276478
211	6.41238831
212	6.44202131
213	6.47166053
214	6.50130198
215	6.53094242
216	6.56057910
217	6.59020938
218	6.61983030
219	6.64943914
220	6.67903269
221	6.70860723
222	6.73815836
223	6.76768021
224	6.79716587
225	6.82660802
226	6.85599973
227	6.88533603
228	6.91461488
229	6.94383765
230	6.97300868
231	7.00213543
232	7.03122690
233	7.06029228
234	7.08933921
235	7.11837277
236	7.14739533
237	7.17640640
238	7.20540361
239	7.23438360
240	7.26334256
241	7.29227660
242	7.32118214
243	7.35005622
244	7.37889650
245	7.40770239
246	7.43647504
247	7.46521792
248	7.49393645
249	7.52263776
250	7.55132930
251	7.58001842
252	7.60871040
253	7.63740768
254	7.66610964
255	7.69481331
256	7.72351342
257	7.75220256
258	7.78087128
259	7.80950805
260	7.83810082
261	7.86663718
262	7.89510610
263	7.92349827
264	7.95180635
265	7.98002397
266	8.00814537
267	8.03616556
268	8.06407995
269	8.09188514
270	8.11957969
271	8.14716506
272	8.17464633
273	8.20203234
274	8.22933461
275	8.25656633
276	8.28374271
277	8.31087975
278	8.33799316
279	8.36509681
280	8.39220114
281	8.41931310
282	8.44643754
283	8.47357806
284	8.50073789
285	8.52791952
286	8.55512517
287	8.58235646
288	8.60961376
289	8.63689670
290	8.66420515
291	8.69154029
292	8.71890437
293	8.74630067
294	8.77373167
295	8.80119768
296	8.82869699
297	8.85622662
298	8.88378399
299	8.91136895
300	8.93898578
301	8.96664340
302	8.99435461
303	9.02213437
304	9.04999751
305	9.07795659
306	9.10602069
307	9.13419488
308	9.16248106
309	9.19087873
310	9.21938522
311	9.24799632
312	9.27670639
313	9.30550970
314	9.33440191
315	9.36337996
316	9.39244319
317	9.42159308
318	9.45083291
319	9.48016692
320	9.50959875
321	9.53912968
322	9.56875798
323	9.59847911
324	9.62828683
325	9.65817321
326	9.68813022
327	9.71815047
328	9.74822779
329	9.77835724
330	9.80853518
331	9.83875920
332	9.86902762
333	9.89933914
334	9.92969265
335	9.96008671
336	9.99051854
337	10.02098374
338	10.05147673
339	10.08199184
340	10.11252472
341	10.14307314
342	10.17363643
343	10.20421541
344	10.23481180
345	10.26542798
346	10.29606612
347	10.32672877
348	10.35741851
349	10.38813742
350	10.41888541
351	10.44966069
352	10.48045841
353	10.51127092
354	10.54208698
355	10.57289332
356	10.60367486
357	10.63441668
358	10.66510629
359	10.69573456
360	10.72629747
361	10.75679569
362	10.78723172
363	10.81760887
364	10.84793105
365	10.87820420
366	10.90843779
367	10.93864539
368	10.96884369
369	10.99905067
370	11.02928116
371	11.05954401
372	11.08984200
373	11.12017281
374	11.15052985
375	11.18090467
376	11.21128762
377	11.24166840
378	11.27203516
379	11.30237401
380	11.33266880
381	11.36290174
382	11.39305464
383	11.42311199
384	11.45306291
385	11.48290275
386	11.51263370
387	11.54226422
388	11.57180742
389	11.60127885
390	11.63069340
391	11.66006427
392	11.68940205
393	11.71871433
394	11.74800557
395	11.77727693
396	11.80652508
397	11.83574328
398	11.86492063
399	11.89404346
400	11.92309550
401	11.95205873
402	11.98091507
403	12.00964923
404	12.03825114
405	12.06671644
406	12.09504780
407	12.12325452
408	12.15135055
409	12.17935073
410	12.20726539
411	12.23509784
412	12.26284380
413	12.29049636
414	12.31805071
415	12.34550889
416	12.37288449
417	12.40019871
418	12.42747339
419	12.45472758
420	12.48197844
421	12.50924047
422	12.53652306
423	12.56382879
424	12.59115531
425	12.61849392
426	12.64583052
427	12.67314736
428	12.70042656
429	12.72765065
430	12.75480499
431	12.78187749
432	12.80885897
433	12.83574169
434	12.86251741
435	12.88917899
436	12.91572021
437	12.94213658
438	12.96842737
439	12.99459524
440	13.02064515
441	13.04658294
442	13.07241686
443	13.09815567
444	13.12380886
445	13.14938505
446	13.17488986
447	13.20032677
448	13.22569871
449	13.25100935
450	13.27626408
451	13.30147057
452	13.32663860
453	13.35177916
454	13.37690194
455	13.40201439
456	13.42712259
457	13.45223110
458	13.47734250
459	13.50245554
460	13.52756219
461	13.55264734
462	13.57769042
463	13.60267003
464	13.62756911
465	13.65237797
466	13.67709576
467	13.70173105
468	13.72629869
469	13.75081385
470	13.77528823
471	13.79972787
472	13.82413380
473	13.84850347
474	13.87283208
475	13.89711672
476	13.92135617
477	13.94555016
478	13.96969923
479	13.99380564
480	14.01787321
481	14.04190798
482	14.06591696
483	14.08990758
484	14.11389081
485	14.13788347
486	14.16190969
487	14.18600013
488	14.21018905
489	14.23451076
490	14.25899643
491	14.28367170
492	14.30855455
493	14.33365384
494	14.35897172
495	14.38450457
496	14.41024586
497	14.43618830
498	14.46232557
499	14.48865235
500	14.51516241
501	14.54184644
502	14.56869136
503	14.59567852
504	14.62278511
505	14.64998642
506	14.67725775
507	14.70457635
508	14.73192298
509	14.75928102
510	14.78663550
511	14.81397161
512	14.84127414
513	14.86852983
514	14.89572645
515	14.92285304
516	14.94990187
517	14.97687026
518	15.00376116
519	15.03058309
520	15.05734749
521	15.08406673
522	15.11075404
523	15.13742202
524	15.16408209
525	15.19074712
526	15.21743198
527	15.24415317
528	15.27092855
529	15.29777334
530	15.32469810
531	15.35170458
532	15.37878474
533	15.40592280
534	15.43310074
535	15.46030334
536	15.48752108
537	15.51474960
538	15.54198677
539	15.56922792
540	15.59646763
541	15.62370686
542	15.65095630
543	15.67823475
544	15.70556573
545	15.73297170
546	15.76046999
547	15.78807111
548	15.81577824
549	15.84358722
550	15.87148853
551	15.89946917
552	15.92751416
553	15.95560828
554	15.98373676
555	16.01188836
556	16.04005620
557	16.06823643
558	16.09642813
559	16.12462969
560	16.15283519
561	16.18103034
562	16.20919195
563	16.23729200
564	16.26530430
565	16.29320794
566	16.32099005
567	16.34864547
568	16.37617636
569	16.40359031
570	16.43090019
571	16.45812391
572	16.48528215
573	16.51239630
574	16.53948818
575	16.56658143
576	16.59370168
577	16.62087203
578	16.64810970
579	16.67542476
580	16.70282386
581	16.73031445
582	16.75790446
583	16.78560180
584	16.81341210
585	16.84133897
586	16.86938504
587	16.89755126
588	16.92583544
589	16.95422981
590	16.98272341
591	17.01130222
592	17.03994947
593	17.06864616
594	17.09737165
595	17.12610307
596	17.15481859
597	17.18349661
598	17.21211756
599	17.24066442
600	17.26912341
601	17.29748373
602	17.32574086
603	17.35389540
604	17.38195118
605	17.40991171
606	17.43777646
607	17.46554014
608	17.49319431
609	17.52072726
610	17.54812515
611	17.57537428
612	17.60246353
613	17.62938631
614	17.65614172
615	17.68273168
616	17.70915880
617	17.73542770
618	17.76154492
619	17.78751771
620	17.81335105
621	17.83904919
622	17.86461558
623	17.89005172
624	17.91535693
625	17.94053007
626	17.96556946
627	17.99047658
628	18.01526166
629	18.03994320
630	18.06454618
631	18.08909723
632	18.11361882
633	18.13812623
634	18.16262576
635	18.18711513
636	18.21158622
637	18.23602657
638	18.26042201
639	18.28475913
640	18.30902628
641	18.33321399
642	18.35731299
643	18.38131325
644	18.40520136
645	18.42896507
646	18.45259403
647	18.47608070
648	18.49941922
649	18.52260720
650	18.54564686
651	18.56854317
652	18.59130319
653	18.61393831
654	18.63646426
655	18.65889928
656	18.68126459
657	18.70357967
658	18.72586222
659	18.74812817
660	18.77039316
661	18.79267133
662	18.81497733
663	18.83732668
664	18.85973451
665	18.88221546
666	18.90478224
667	18.92744597
668	18.95021277
669	18.97308026
670	18.99603837
671	19.01906925
672	19.04215055
673	19.06526001
674	19.08837667
675	19.11148519
676	19.13457607
677	19.15764909
678	19.18071356
679	19.20378621
680	19.22688433
681	19.25001875
682	19.27319442
683	19.29641258
684	19.31967354
685	19.34298130
686	19.36634678
687	19.38978709
688	19.41332352
689	19.43697104
690	19.46073672
691	19.48462122
692	19.50862297
693	19.53274408
694	19.55698907
695	19.58136177
696	19.60586145
697	19.63047742
698	19.65518922
699	19.67997028
700	19.70479101
701	19.72962277
702	19.75444000
703	19.77921685
704	19.80392614
705	19.82853862
706	19.85302472
707	19.87735385
708	19.90149284
709	19.92540871
710	19.94907296
711	19.97246788
712	19.99558893
713	20.01844193
714	20.04103963
715	20.06340150
716	20.08555610
717	20.10753757
718	20.12938711
719	20.15115632
720	20.17290478
721	20.19470040
722	20.21661380
723	20.23871721
724	20.26107834
725	20.28375230
726	20.30677365
727	20.33015390
728	20.35388397
729	20.37793630
730	20.40226888
731	20.42682931
732	20.45155629
733	20.47638462
734	20.50124809
735	20.52608047
736	20.55081532
737	20.57538877
738	20.59974207
739	20.62382605
740	20.64760037
741	20.67103662
742	20.69411737
743	20.71683828
744	20.73921062
745	20.76126261
746	20.78303634
747	20.80458700
748	20.82597283
749	20.84724786
750	20.86846112
751	20.88966060
752	20.91090195
753	20.93224929
754	20.95377391
755	20.97554766
756	20.99763243
757	21.02007540
758	21.04290593
759	21.06613386
760	21.08975082
761	21.11373583
762	21.13806343
763	21.16270534
764	21.18763516
765	21.21283207
766	21.23828091
767	21.26397152
768	21.28990319
769	21.31608735
770	21.34254634
771	21.36930671
772	21.39638977
773	21.42381426
774	21.45159965
775	21.47977221
776	21.50836858
777	21.53743169
778	21.56700530
779	21.59712569
780	21.62782076
781	21.65910688
782	21.69099322
783	21.72348192
784	21.75656861
785	21.79023796
786	21.82446135
787	21.85920067
788	21.89441657
789	21.93007347
790	21.96613722
791	22.00257005
792	22.03932429
793	22.07633788
794	22.11354655
795	22.15089662
796	22.18835497
797	22.22590255
798	22.26352821
799	22.30121912
800	22.33895505
801	22.37670853
802	22.41444719
803	22.45213652
804	22.48974462
805	22.52724771
806	22.56463359
807	22.60190557
808	22.63907363
809	22.67614802
810	22.71314020
811	22.75005968
812	22.78691756
813	22.82372580
814	22.86049909
815	22.89725865
816	22.93403538
817	22.97086004
818	23.00775862
819	23.04475034
820	23.08184873
821	23.11906569
822	23.15641472
823	23.19390461
824	23.23153457
825	23.26929216
826	23.30714982
827	23.34506475
828	23.38298691
829	23.42086057
830	23.45863209
831	23.49625190
832	23.53368305
833	23.57090410
834	23.60790477
835	23.64467667
836	23.68119465
837	23.71741882
838	23.75329858
839	23.78878663
840	23.82384780
841	23.85846757
842	23.89265406
843	23.92643217
844	23.95984905
845	23.99296897
846	24.02587192
847	24.05864885
848	24.09138984
849	24.12417285
850	24.15706164
851	24.19009612
852	24.22329515
853	24.25665895
854	24.29017464
855	24.32383167
856	24.35762687
857	24.39156224
858	24.42564137
859	24.45987089
860	24.49425811
861	24.52881966
862	24.56357990
863	24.59857741
864	24.63385402
865	24.66944973
866	24.70539929
867	24.74172765
868	24.77845200
869	24.81558374
870	24.85312034
871	24.89105085
872	24.92935053
873	24.96797642
874	25.00686698
875	25.04594956
876	25.08514046
877	25.12435979
878	25.16354312
879	25.20264740
880	25.24166519
881	25.28062928
882	25.31960394
883	25.35867875
884	25.39794602
885	25.43749032
886	25.47740002
887	25.51776527
888	25.55867425
889	25.60020344
890	25.64239205
891	25.68523617
892	25.72869425
893	25.77270272
894	25.81719614
895	25.86212562
896	25.90747523
897	25.95325196
898	25.99946389
899	26.04609651
900	26.09311105
901	26.14045679
902	26.18809167
903	26.23599379
904	26.28417984
905	26.33270274
906	26.38165022
907	26.43110521
908	26.48110536
909	26.53162560
910	26.58260877
911	26.63398914
912	26.68572800
913	26.73781679
914	26.79025143
915	26.84301309
916	26.89605952
917	26.94932640
918	27.00274040
919	27.05622577
920	27.10969657
921	27.16304218
922	27.21611476
923	27.26871987
924	27.32062183
925	27.37155024
926	27.42122151
927	27.46936893
928	27.51574255
929	27.56012908
930	27.60235381
931	27.64228134
932	27.67981544
933	27.71490874
934	27.74757829
935	27.77788779
936	27.80593880
937	27.83183297
938	27.85565645
939	27.87748573
940	27.89739500
941	27.91547242
942	27.93182162
943	27.94660154
944	27.96003000
945	27.97242941
946	27.98421599
947	27.99587515
948	28.00790766
949	28.02080271
950	28.03502990
951	28.05104245
952	28.06924652
953	28.09000909
954	28.11365353
955	28.14045141
956	28.17062998
957	28.20436035
958	28.24175158
959	28.28285601
960	28.32767468
961	28.37616993
962	28.42829076
963	28.48399464
964	28.54325690
965	28.60609336
966	28.67253849
967	28.74264109
968	28.81642082
969	28.89382686
970	28.97476877
971	29.05911605
972	29.14667352
973	29.23720040
974	29.33040295
975	29.42591638
976	29.52330642
977	29.62204012
978	29.72151530
979	29.82115913
980	29.92049966
981	30.01914939
982	30.11676998
983	30.21307281
984	30.30780037
985	30.40070672
986	30.49154428
987	30.57999872
988	30.66565782
989	30.74802924
990	30.82657356
991	30.90077282
992	30.97035002
993	31.03551986
994	31.09710762
995	31.15631209
996	31.21432631
997	31.27213722
998	31.33059554
999	31.39033281
