#	timestep	msd
1	0.00216287
2	0.00859677
3	0.01914154
4	0.03354511
5	0.05148404
6	0.07258696
7	0.09645802
8	0.12269819
9	0.15092286
10	0.18077541
11	0.21193658
12	0.24412988
13	0.27712323
14	0.31072757
15	0.34479370
16	0.37920808
17	0.41388800
18	0.44877657
19	0.48383748
20	0.51904958
21	0.55440112
22	0.58988382
23	0.62548833
24	0.66120117
25	0.69700268
26	0.73286578
27	0.76875559
28	0.80463048
29	0.84044447
30	0.87615071
31	0.91170471
32	0.94706667
33	0.98220235
34	1.01708381
35	1.05169089
36	1.08601222
37	1.12004513
38	1.15379475
39	1.18727256
40	1.22049489
41	1.25348126
42	1.28625284
43	1.31883086
44	1.35123401
45	1.38347696
46	1.41556952
47	1.44751741
48	1.47932318
49	1.51098748
50	1.54251061
51	1.57389326
52	1.60513687
53	1.63624339
54	1.66721527
55	1.69805560
56	1.72876894
57	1.75936227
58	1.78984543
59	1.82023113
60	1.85053484
61	1.88077434
62	1.91096861
63	1.94113654
64	1.97129580
65	2.00146132
66	2.03164438
67	2.06185197
68	2.09208668
69	2.12234729
70	2.15262907
71	2.18292457
72	2.21322415
73	2.24351606
74	2.27378593
75	2.30401686
76	2.33419065
77	2.36428895
78	2.39429402
79	2.42418985
80	2.45396238
81	2.48359965
82	2.51309158
83	2.54243036
84	2.57161087
85	2.60063073
86	2.62948906
87	2.65818560
88	2.68672061
89	2.71509566
90	2.74331465
91	2.77138417
92	2.79931310
93	2.82711176
94	2.85479085
95	2.88236032
96	2.90982886
97	2.93720327
98	2.96448882
99	2.99168951
100	3.01880847
101	3.04584816
102	3.07281005
103	3.09969487
104	3.12650257
105	3.15323303
106	3.17988675
107	3.20646503
108	3.23296939
109	3.25940155
110	3.28576386
111	3.31205969
112	3.33829371
113	3.36447162
114	3.39059917
115	3.41668154
116	3.44272279
117	3.46872516
118	3.49468894
119	3.52061239
120	3.54649215
121	3.57232341
122	3.59810018
123	3.62381538
124	3.64946185
125	3.67503317
126	3.70052419
127	3.72593059
128	3.75124878
129	3.77647592
130	3.80160993
131	3.82664947
132	3.85159362
133	3.87644215
134	3.90119517
135	3.92585350
136	3.95041954
137	3.97489743
138	3.99929325
139	4.02361462
140	4.04787068
141	4.07207076
142	4.09622320
143	4.12033368
144	4.14440396
145	4.16843079
146	4.19240659
147	4.21632001
148	4.24015786
149	4.26390621
150	4.28755094
151	4.31107808
152	4.33447489
153	4.35773041
154	4.38083630
155	4.40378703
156	4.42657973
157	4.44921338
158	4.47168816
159	4.49400626
160	4.51617256
161	4.53819510
162	4.56008438
163	4.58185235
164	4.60351104
165	4.62507204
166	4.64654497
167	4.66793782
168	4.68925663
169	4.71050654
170	4.73169229
171	4.75281839
172	4.77388937
173	4.79491016
174	4.81588617
175	4.83682387
176	4.85773093
177	4.87861622
178	4.89948907
179	4.92035843
180	4.94123166
181	4.96211423
182	4.98300914
183	5.00391742
184	5.02483982
185	5.04577754
186	5.06673163
187	5.08770066
188	5.10867931
189	5.12965865
190	5.15062762
191	5.17157473
192	5.19249061
193	5.21336975
194	5.23421103
195	5.25501457
196	5.27577795
197	5.29649616
198	5.31716357
199	5.33777653
200	5.35833441
201	5.37883915
202	5.39929368
203	5.41970053
204	5.44006184
205	5.46038031
206	5.48065950
207	5.50090377
208	5.52111674
209	5.54130075
210	5.56145682
211	5.58158554
212	5.60168824
213	5.62176754
214	5.64182837
215	5.66187713
216	5.68192139
217	5.70196929
218	5.72202907
219	5.74210853
220	5.76221470
221	5.78235329
222	5.80252877
223	5.82274463
224	5.84300358
225	5.86330724
226	5.88365626
227	5.90405039
228	5.92448825
229	5.94496709
230	5.96548286
231	5.98603024
232	6.00660216
233	6.02719026
234	6.04778427
235	6.06837252
236	6.08894281
237	6.10948330
238	6.12998380
239	6.15043682
240	6.17083772
241	6.19118320
242	6.21147062
243	6.23169682
244	6.25185796
245	6.27194970
246	6.29196819
247	6.31191083
248	6.33177711
249	6.35156823
250	6.37128645
251	6.39093464
252	6.41051590
253	6.43003334
254	6.44948935
255	6.46888615
256	6.48822795
257	6.50752336
258	6.52678660
259	6.54603447
260	6.56528190
261	6.58454087
262	6.60382256
263	6.62313887
264	6.64250290
265	6.66192728
266	6.68142344
267	6.70100018
268	6.72066314
269	6.74041432
270	6.76025121
271	6.78016734
272	6.80015250
273	6.82019404
274	6.84027789
275	6.86038976
276	6.88051525
277	6.90064137
278	6.92075712
279	6.94085379
280	6.96092514
281	6.98096620
282	7.00097281
283	7.02094130
284	7.04086817
285	7.06074964
286	7.08058087
287	7.10035593
288	7.12006812
289	7.13971046
290	7.15927573
291	7.17875720
292	7.19814843
293	7.21744314
294	7.23663628
295	7.25572550
296	7.27471171
297	7.29359896
298	7.31239465
299	7.33110850
300	7.34975175
301	7.36833579
302	7.38687170
303	7.40537003
304	7.42384103
305	7.44229500
306	7.46074340
307	7.47919861
308	7.49767311
309	7.51617760
310	7.53471901
311	7.55330081
312	7.57192312
313	7.59058413
314	7.60928216
315	7.62801666
316	7.64678891
317	7.66560150
318	7.68445718
319	7.70335804
320	7.72230495
321	7.74129712
322	7.76033250
323	7.77940811
324	7.79852020
325	7.81766487
326	7.83683910
327	7.85604152
328	7.87527332
329	7.89453774
330	7.91383894
331	7.93318119
332	7.95256876
333	7.97200504
334	7.99149054
335	8.01102218
336	8.03059315
337	8.05019372
338	8.06981201
339	8.08943679
340	8.10905892
341	8.12867184
342	8.14827293
343	8.16786344
344	8.18744886
345	8.20703740
346	8.22663652
347	8.24625209
348	8.26588803
349	8.28554651
350	8.30522912
351	8.32493771
352	8.34467473
353	8.36444331
354	8.38424736
355	8.40409082
356	8.42397555
357	8.44389991
358	8.46385895
359	8.48384509
360	8.50384979
361	8.52386510
362	8.54388304
363	8.56389487
364	8.58388999
365	8.60385638
366	8.62378273
367	8.64366047
368	8.66348526
369	8.68325820
370	8.70298435
371	8.72267075
372	8.74232485
373	8.76195299
374	8.78156023
375	8.80115165
376	8.82073340
377	8.84031427
378	8.85990622
379	8.87952288
380	8.89917777
381	8.91888133
382	8.93864058
383	8.95845903
384	8.97833645
385	8.99826927
386	9.01825073
387	9.03827211
388	9.05832414
389	9.07839840
390	9.09848646
391	9.11858013
392	9.13867155
393	9.15875330
394	9.17881792
395	9.19885774
396	9.21886416
397	9.23882754
398	9.25873806
399	9.27858766
400	9.29837133
401	9.31808788
402	9.33774181
403	9.35734075
404	9.37689188
405	9.39639831
406	9.41585963
407	9.43527374
408	9.45463833
409	9.47395224
410	9.49321496
411	9.51242594
412	9.53158359
413	9.55068484
414	9.56972591
415	9.58870348
416	9.60761494
417	9.62645849
418	9.64523363
419	9.66393938
420	9.68257443
421	9.70113710
422	9.71962672
423	9.73804152
424	9.75637840
425	9.77463217
426	9.79279581
427	9.81086258
428	9.82882699
429	9.84668517
430	9.86443361
431	9.88206827
432	9.89958436
433	9.91697665
434	9.93424039
435	9.95137038
436	9.96836079
437	9.98520830
438	10.00191259
439	10.01847771
440	10.03491270
441	10.05123117
442	10.06745107
443	10.08359383
444	10.09968155
445	10.11573413
446	10.13176752
447	10.14779041
448	10.16380524
449	10.17980893
450	10.19579453
451	10.21175205
452	10.22767038
453	10.24353864
454	10.25934768
455	10.27509021
456	10.29075966
457	10.30635045
458	10.32186060
459	10.33729270
460	10.35265652
461	10.36796704
462	10.38324109
463	10.39849333
464	10.41373583
465	10.42897845
466	10.44423024
467	10.45949915
468	10.47479308
469	10.49011900
470	10.50548008
471	10.52087635
472	10.53630572
473	10.55176517
474	10.56725147
475	10.58276210
476	10.59829558
477	10.61385138
478	10.62942897
479	10.64502843
480	10.66064968
481	10.67629300
482	10.69195829
483	10.70764438
484	10.72334787
485	10.73906196
486	10.75477722
487	10.77048116
488	10.78616080
489	10.80180371
490	10.81740020
491	10.83294442
492	10.84843504
493	10.86387480
494	10.87927276
495	10.89464370
496	10.91000825
497	10.92539085
498	10.94081809
499	10.95631576
500	10.97190634
501	10.98760725
502	11.00343019
503	11.01938068
504	11.03545965
505	11.05166331
506	11.06798362
507	11.08440760
508	11.10091621
509	11.11748624
510	11.13409139
511	11.15070504
512	11.16730112
513	11.18385602
514	11.20035019
515	11.21676852
516	11.23310027
517	11.24933848
518	11.26547854
519	11.28151753
520	11.29745314
521	11.31328311
522	11.32900593
523	11.34462026
524	11.36012488
525	11.37551846
526	11.39080066
527	11.40597335
528	11.42104203
529	11.43601616
530	11.45090916
531	11.46573779
532	11.48052190
533	11.49528241
534	11.51003898
535	11.52480697
536	11.53959722
537	11.55441537
538	11.56926280
539	11.58413926
540	11.59904558
541	11.61398326
542	11.62894835
543	11.64392895
544	11.65890804
545	11.67386791
546	11.68879296
547	11.70367064
548	11.71849193
549	11.73325264
550	11.74795331
551	11.76259910
552	11.77719899
553	11.79176461
554	11.80630833
555	11.82084229
556	11.83537919
557	11.84993181
558	11.86451391
559	11.87913940
560	11.89382138
561	11.90856862
562	11.92338425
563	11.93826378
564	11.95319471
565	11.96815822
566	11.98313065
567	11.99808786
568	12.01300883
569	12.02787792
570	12.04268590
571	12.05742700
572	12.07209883
573	12.08670066
574	12.10123309
575	12.11569881
576	12.13010336
577	12.14445654
578	12.15877140
579	12.17306104
580	12.18733634
581	12.20160428
582	12.21586738
583	12.23012425
584	12.24437118
585	12.25860319
586	12.27281399
587	12.28699554
588	12.30113905
589	12.31523504
590	12.32927362
591	12.34324626
592	12.35714728
593	12.37097692
594	12.38474194
595	12.39845584
596	12.41213807
597	12.42581262
598	12.43950592
599	12.45324460
600	12.46705071
601	12.48093568
602	12.49489646
603	12.50891477
604	12.52296204
605	12.53700393
606	12.55100559
607	12.56493486
608	12.57876368
609	12.59247045
610	12.60604152
611	12.61947322
612	12.63277099
613	12.64594551
614	12.65900739
615	12.67196252
616	12.68481103
617	12.69754831
618	12.71016430
619	12.72264595
620	12.73498002
621	12.74715631
622	12.75917171
623	12.77103089
624	12.78274566
625	12.79433032
626	12.80580055
627	12.81717015
628	12.82845002
629	12.83964836
630	12.85077087
631	12.86182350
632	12.87281232
633	12.88374402
634	12.89462601
635	12.90546480
636	12.91626467
637	12.92702956
638	12.93776165
639	12.94846015
640	12.95911955
641	12.96973048
642	12.98028097
643	12.99075942
644	13.00115584
645	13.01146221
646	13.02167170
647	13.03177981
648	13.04178450
649	13.05168586
650	13.06148461
651	13.07118440
652	13.08079022
653	13.09030774
654	13.09974141
655	13.10909332
656	13.11836064
657	13.12753458
658	13.13660323
659	13.14555263
660	13.15437064
661	13.16304784
662	13.17157854
663	13.17996038
664	13.18819833
665	13.19630543
666	13.20430342
667	13.21222136
668	13.22009525
669	13.22796538
670	13.23587116
671	13.24384583
672	13.25191328
673	13.26008533
674	13.26836522
675	13.27674867
676	13.28522588
677	13.29378218
678	13.30240313
679	13.31107623
680	13.31979280
681	13.32854822
682	13.33734000
683	13.34616755
684	13.35502926
685	13.36392160
686	13.37283952
687	13.38177861
688	13.39073391
689	13.39969950
690	13.40866993
691	13.41764551
692	13.42663233
693	13.43564445
694	13.44470239
695	13.45382769
696	13.46303692
697	13.47233816
698	13.48172960
699	13.49120279
700	13.50074426
701	13.51033791
702	13.51996681
703	13.52961701
704	13.53927904
705	13.54894833
706	13.55862259
707	13.56830170
708	13.57799215
709	13.58770935
710	13.59747410
711	13.60731447
712	13.61726169
713	13.62734224
714	13.63757343
715	13.64796494
716	13.65852164
717	13.66924661
718	13.68014577
719	13.69122707
720	13.70249810
721	13.71396627
722	13.72563768
723	13.73751602
724	13.74960133
725	13.76189007
726	13.77437859
727	13.78706630
728	13.79995961
729	13.81307226
730	13.82642381
731	13.84003592
732	13.85392827
733	13.86811605
734	13.88260741
735	13.89740520
736	13.91250583
737	13.92790095
738	13.94357703
739	13.95951685
740	13.97570203
741	13.99211725
742	14.00875262
743	14.02560589
744	14.04267910
745	14.05996997
746	14.07746749
747	14.09515786
748	14.11302671
749	14.13106053
750	14.14924544
751	14.16756847
752	14.18601793
753	14.20458501
754	14.22326506
755	14.24205647
756	14.26096417
757	14.28000273
758	14.29919618
759	14.31857477
760	14.33817087
761	14.35801834
762	14.37814602
763	14.39856883
764	14.41928309
765	14.44026852
766	14.46149384
767	14.48292142
768	14.50451444
769	14.52624263
770	14.54808116
771	14.57000832
772	14.59200395
773	14.61404833
774	14.63612596
775	14.65822691
776	14.68034929
777	14.70249147
778	14.72465159
779	14.74682660
780	14.76900955
781	14.79119412
782	14.81337155
783	14.83553177
784	14.85766506
785	14.87976611
786	14.90183666
787	14.92388920
788	14.94594386
789	14.96802546
790	14.99015662
791	15.01235420
792	15.03462617
793	15.05697723
794	15.07940844
795	15.10191836
796	15.12450669
797	15.14717259
798	15.16992087
799	15.19276387
800	15.21572271
801	15.23882677
802	15.26211389
803	15.28562598
804	15.30940072
805	15.33346236
806	15.35781732
807	15.38245584
808	15.40734946
809	15.43246070
810	15.45775178
811	15.48318822
812	15.50874091
813	15.53438577
814	15.56010517
815	15.58588924
816	15.61173404
817	15.63763672
818	15.66358771
819	15.68956978
820	15.71556554
821	15.74156212
822	15.76755295
823	15.79353823
824	15.81952096
825	15.84550703
826	15.87150555
827	15.89753237
828	15.92360958
829	15.94976244
830	15.97601754
831	16.00239929
832	16.02893331
833	16.05564744
834	16.08257366
835	16.10974246
836	16.13717932
837	16.16489575
838	16.19289050
839	16.22114915
840	16.24964618
841	16.27835091
842	16.30723122
843	16.33625776
844	16.36540462
845	16.39464561
846	16.42395495
847	16.45330382
848	16.48266073
849	16.51199254
850	16.54126182
851	16.57043092
852	16.59946082
853	16.62831823
854	16.65698477
855	16.68545875
856	16.71376142
857	16.74193369
858	16.77003548
859	16.79814448
860	16.82634600
861	16.85472148
862	16.88333291
863	16.91222298
864	16.94141310
865	16.97090939
866	17.00071020
867	17.03081467
868	17.06123148
869	17.09198779
870	17.12312216
871	17.15468052
872	17.18671016
873	17.21924893
874	17.25232265
875	17.28594210
876	17.32010716
877	17.35480203
878	17.39000010
879	17.42566271
880	17.46173692
881	17.49816863
882	17.53490422
883	17.57189610
884	17.60911254
885	17.64653017
886	17.68412701
887	17.72187410
888	17.75972935
889	17.79764340
890	17.83556863
891	17.87345700
892	17.91126383
893	17.94894279
894	17.98645430
895	18.02377199
896	18.06088887
897	18.09782001
898	18.13460197
899	18.17129062
900	18.20795475
901	18.24466785
902	18.28151226
903	18.31856668
904	18.35591083
905	18.39362203
906	18.43178078
907	18.47047672
908	18.50979946
909	18.54983465
910	18.59064222
911	18.63225760
912	18.67468133
913	18.71788306
914	18.76181346
915	18.80641580
916	18.85162299
917	18.89736417
918	18.94357221
919	18.99019014
920	19.03718199
921	19.08453886
922	19.13226637
923	19.18038016
924	19.22888874
925	19.27778395
926	19.32703489
927	19.37656794
928	19.42627163
929	19.47599589
930	19.52555939
931	19.57476897
932	19.62343449
933	19.67138636
934	19.71848636
935	19.76462321
936	19.80970259
937	19.85364952
938	19.89640169
939	19.93793572
940	19.97827552
941	20.01750041
942	20.05572525
943	20.09307018
944	20.12964809
945	20.16554328
946	20.20081729
947	20.23549854
948	20.26957117
949	20.30297397
950	20.33561287
951	20.36737088
952	20.39807941
953	20.42753368
954	20.45550851
955	20.48179966
956	20.50627149
957	20.52888006
958	20.54966564
959	20.56874567
960	20.58623808
961	20.60221207
962	20.61670053
963	20.62970931
964	20.64125169
965	20.65135598
966	20.66006961
967	20.66743349
968	20.67348974
969	20.67826105
970	20.68177041
971	20.68408921
972	20.68535029
973	20.68576657
974	20.68562730
975	20.68527803
976	20.68509471
977	20.68545829
978	20.68670286
979	20.68910836
980	20.69289246
981	20.69816739
982	20.70495447
983	20.71322333
984	20.72283435
985	20.73351369
986	20.74483323
987	20.75620271
988	20.76689590
989	20.77613010
990	20.78328780
991	20.78808512
992	20.79056048
993	20.79097888
994	20.78958057
995	20.78649301
996	20.78171217
997	20.77511153
998	20.76650167
999	20.75589683
